2020.665081
1656.983393
1211.324204
652.870579
-44.514231
-901.044671
-1930.009020
-3137.045642
-4519.729272
-6067.484114
-7761.826743
-9576.927956
-11480.469750
-13434.761656
-15398.070664
-17326.110949
-19173.634066
-20896.057232
-22451.066800
-23800.136005
-24909.900261
-25753.339586
-26310.725656
-26570.300286
-26528.662440
-26190.851673
-25570.127000
-24687.451027
-23570.699598
-22253.626721
-20774.623058
-19175.313391
-17499.044099
-15789.315661
-14088.217307
-12434.921234
-10864.292123
-9405.664108
-8081.831871
-6908.295311
-5892.788366
-5035.112372
-4327.283005
-3753.987863
-3293.339499
-2917.896603
-2595.914791
-2292.778414
-1972.556583
-1599.620654
-1140.257069
-564.208991
153.917361
1033.440369
2086.635330
3318.051727
4724.143673
6293.228399
8005.773884
9835.002926
11747.788107
13705.800408
15666.864443
17586.465649
19419.349504
21121.150177
22649.985830
23967.960101
25042.513802
25847.577378
26364.482850
26582.603407
26499.699191
26121.958718
25463.736437
24546.997722
23400.492930
22058.691513
20560.515554
18947.918976
17264.364129
15553.251165
13856.357460
12212.344406
10655.386912
9213.977119
7909.948132
6757.756063
5764.049664
4927.546412
4239.222505
3682.812142
3235.599210
2869.472495
2552.204407
2248.903374
