 23093852.218
 23073376.159
 23052943.395
 23032557.508
  23012216.45
 22991921.678
 22971674.329
 22951474.069
 22931321.773
 22911216.237
 22891159.991
 22871151.454
 22851193.884
 22831285.237
 22811426.439
 22791617.485
 22771860.705
 22752154.689
  22732500.37
  22712898.03
  22693348.61
 22673851.975
 22654408.244
 22635019.121
 22615682.889
 22596402.303
 22577176.331
 22558006.083
 22538891.116
 22519832.507
 22500830.109
 22481884.381
 22462995.984
 22444164.812
 22425393.314
 22406680.469
 22388026.491
 22369430.533
 22350894.971
 22332419.349
 22314004.088
 22295650.114
 22277356.828
 22259125.627
 22240955.719
 22222849.137
  22204805.05
 22186824.158
 22168906.643
 22151052.598
 22133262.705
 22115538.492
 22097878.812
 22080284.556
 22062756.376
 22045293.446
 22027897.564
 22010568.289
  21993306.13
  21976111.97
 21958985.773
 21941927.389
 21924937.968
 21908017.996
 21891166.551
 21874385.053
 21857673.806
 21841032.793
 21824462.415
 21807963.419
 21791536.248
 21775180.205
  21758895.93
 21742685.013
 21726546.947
 21710481.113
  21694489.33
  21678572.11
 21662727.393
 21646958.413
  21631263.19
 21615644.001
 21600099.963
 21584632.223
 21569239.304
 21553923.142
 21538684.537
 21523521.951
 21508437.015
 21493429.712
 21478501.111
 21463649.781
  21448877.16
  21434183.46
 21419569.671
 21405033.899
 21390578.944
  21376203.24
 21361908.486
 21347694.429
 21333560.749
 21319508.841
 21305537.561
 21291649.452
 21277842.089
 21264117.557
 21250475.437
 21236915.941
 21223439.805
 21210047.101
 21196737.873
 21183512.354
 21170371.516
 21157314.996
 21144342.891
  21131455.66
 21118653.929
 21105937.588
  21093306.51
 21080762.059
 21068303.108
 21055931.114
 21043645.159
 21031446.402
 21019334.701
 21007310.004
 20995373.603
 20983524.565
 20971763.108
 20960090.321
 20948505.886
 20937010.121
 20925603.173
 20914284.859
  20903056.62
 20891917.244
 20880867.708
 20869907.888
 20859038.141
 20848258.766
 20837570.031
 20826971.277
 20816464.229
 20806047.611
 20795722.356
 20785488.125
 20775345.932
 20765295.339
 20755336.045
  20745469.37
 20735694.977
 20726012.535
 20716422.694
 20706925.687
 20697521.375
 20688210.095
 20678991.868
 20669866.916
 20660835.303
 20651897.258
 20643053.442
 20634302.577
 20625646.071
 20617083.673
  20608615.13
 20600241.372
 20591961.989
 20583776.871
 20575686.509
 20567690.998
 20559790.167
 20551984.804
 20544274.034
 20536658.725
 20529138.649
 20521713.839
 20514384.585
 20507151.181
 20500012.864
 20492970.453
 20486024.159
 20479173.604
 20472418.846
 20465760.272
   20459197.8
 20452731.365
 20446361.233
 20440087.175
 20433909.424
 20427828.732
  20421844.39
 20415955.764
 20410164.249
 20404468.996
 20398870.816
 20393368.945
 20387963.932
 20382655.552
 20377444.288
  20372329.29
 20367311.028
 20362390.094
 20357565.923
 20352838.195
 20348207.697
 20343674.053
 20339237.109
  20334897.36
 20330653.932
 20326508.066
 20322458.527
 20318506.174
 20314650.548
 20310892.043
 20307230.173
 20303664.794
 20300196.958
 20296825.166
 20293550.489
 20290372.365
 20287291.028
 20284306.253
 20281418.165
 20278626.452
 20275931.279
 20273332.766
 20270830.987
 20268425.158
 20266115.839
 20263902.592
 20261785.507
 20259764.766
 20257840.261
 20256011.262
 20254278.741
 20252641.815
 20251100.825
 20249655.328
  20248305.79
 20247051.574
 20245893.147
 20244829.739
 20243861.747
 20242989.024
 20242211.371
 20241528.754
 20240940.846
 20240448.352
 20240050.105
 20239746.587
 20239537.468
 20239422.973
 20239402.496
  20239476.23
 20239644.329
 20239905.678
 20240261.348
  20240710.63
 20241253.432
 20241889.358
 20242619.084
  20243441.71
 20244357.277
   20245365.9
 20246467.312
 20247661.062
 20248947.599
 20250325.953
 20251796.634
 20253359.398
 20255013.969
 20256760.639
 20258598.368
 20260527.667
 20262547.785
 20264659.617
 20266862.183
 20269155.068
 20271538.671
 20274012.693
 20276577.064
 20279231.635
 20281975.522
 20284809.098
 20287732.344
 20290745.137
 20293846.905
 20297037.583
 20300316.969
 20303685.345
 20307141.694
 20310686.125
 20314318.664
 20318038.917
 20321847.142
 20325742.345
 20329724.769
 20333794.319
 20337950.634
 20342193.451
 20346522.645
 20350937.935
 20355439.462
 20360026.366
  20364698.93
 20369457.221
 20374300.443
 20379228.018
 20384240.621
 20389337.744
 20394518.676
 20399783.756
 20405132.928
 20410565.247
  20416081.03
 20421679.873
 20427361.598
 20433126.242
 20438972.881
 20444901.953
 20450912.882
 20457005.259
 20463179.231
 20469434.486
 20475770.779
  20482187.41
 20488684.794
 20495262.283
 20501920.278
 20508657.451
 20515474.475
 20522370.782
 20529345.823
 20536399.729
 20543531.999
 20550742.848
 20558031.615
 20565398.167
  20572842.04
 20580363.451
 20587961.772
 20595636.792
 20603388.302
 20611216.121
 20619120.077
 20627099.292
 20635154.668
 20643284.683
 20651489.926
 20659769.644
 20668123.779
  20676552.13
 20685054.364
 20693630.302
 20702279.685
 20711001.965
  20719796.84
 20728664.967
 20737605.136
 20746616.906
 20755700.668
 20764856.082
 20774082.936
 20783380.457
 20792748.745
 20802187.237
 20811696.273
 20821274.884
 20830923.171
 20840640.822
 20850427.614
 20860283.281
 20870207.623
 20880199.835
 20890260.178
 20900388.447
 20910583.402
  20920846.53
 20931175.948
 20941571.991
 20952034.408
 20962563.213
 20973157.486
 20983817.407
 20994542.594
 21005332.635
 21016187.641
 21027106.879
 21038090.019
 21049137.378
  21060247.97
 21071422.405
 21082659.665
 21093959.515
  21105322.13
 21116746.697
 21128233.781
 21139781.882
 21151391.592
 21163062.428
 21174793.907
 21186586.606
 21198439.173
 21210352.047
 21222324.044
 21234355.911
 21246446.975
 21258596.873
 21270805.685
 21283073.071
 21295397.912
 21307780.935
 21320221.248
 21332719.369
 21345274.231
 21357885.526
  21370553.73
 21383278.074
 21396058.504
  21408894.32
 21421785.652
 21434731.848
 21447732.917
 21460788.745
 21473899.322
 21487063.354
 21500281.008
 21513552.098
  21526876.76
 21540254.806
 21553685.101
 21567167.917
 21580702.593
 21594289.663
 21607927.944
 21621617.885
 21635358.668
  21649150.04
 21662992.856
  21676885.23
  21690827.81
 21704820.326
 21718862.006
 21732953.464
 21747093.819
 21761282.979
 21775519.895
 21789805.437
 21804139.331
 21818520.134
 21832948.721
 21847424.659
 21861947.541
 21876517.071
 21891132.887
 21905794.683
 21920502.393
  21935255.85
 21950054.833
 21964898.632
 21979787.722
 21994721.039
 22009698.954
 22024721.148
 22039786.681
 22054895.633
 22070048.336
 22085244.328
 22100482.801
  22115764.28
 22131088.137
 22146453.981
 22161861.256
 22177311.008
  22192801.04
  22208333.49
 22223905.905
 22239519.029
 22255172.656
  22270866.03
 22286600.709
 22302374.175
 22318186.337
 22334038.719
 22349929.353
 22365859.358
 22381827.672
 22397833.855
 22413878.409
 22429960.587
 22446080.361
 22462237.754
 22478431.207
 22494662.093
 22510929.287
 22527233.159
  22543573.11
  22559948.88
 22576359.851
 22592806.428
 22609288.717
 22625805.854
  22642357.52
 22658944.375
 22675564.384
 22692218.999
 22708907.431
 22725629.163
 22742384.207
 22759173.171
 22775994.457
 22792849.279
 22809735.722
 22826654.451
 22843605.021
 22860588.791
 22877603.177
 22894648.109
   22911725.4
 22928833.858
  22945971.35
 22963140.983
  22980340.28
 22997569.381
 23014829.307
 23032118.763
 23049436.206
 23066784.152
  23084161.58
 23101566.959
 23119000.428
 23136463.233
 23153953.262
 23171471.972
 23189019.088
 23206592.939
 23224194.097
 23241821.444
 23259477.349
 23277159.305
 23294868.543
 23312602.612
 23330364.522
 23348151.754
 23365962.923
 23383800.736
  23401664.98
   23419552.9
 23437465.679
 23455404.356
 23473366.765
  23491353.84
 23509365.291
 23527399.046
 23545457.712
 23563539.982
 23581644.129
 23599772.565
 23617923.948
 23636096.924
 23654293.007
 23672514.448
 23690754.766
 23709017.669
 23727302.146
 23745609.004
 23763936.224
 23782285.134
 23800653.342
 23819043.808
 23837457.151
 23855888.144
 23874339.123
 23892811.377
 23911304.669
 23929815.953
 23948346.202
 23966895.585
 23985465.256
 24004053.399
 24022659.617
 24041286.314
 24059929.994
 24078592.814
 24097274.213
 24115971.288
 24134687.146
 24153421.337
  24172171.45
  24190937.95
 24209722.577
 24228523.305
 24247341.036
 24266177.888
 24285027.669
 24303893.802
 24322775.792
 24341675.245
 24360587.889
 24379518.153
 24398461.383
 24417421.102
 24436393.179
 24455383.877
 24474385.974
 24493404.227
 24512435.048
 24531480.451
 24550540.038
 24569612.775
  24588699.16
 24607798.707
 24626912.615
 24646037.146
 24665174.931
 24684325.914
 24703490.867
 24722665.936
 24741852.913
 24761053.226
 24780262.358
 24799487.307
 24818721.471
 24837966.723
 24857222.403
 24876491.639
 24895769.421
 24915058.207
 24934357.439
 24953667.144
 24972986.574
 24992313.666
 25011655.168
 25031003.777
  25050363.32
 25069729.859
 25089104.039
 25108490.235
 25127882.164
 25147288.585
 25166699.886
 25186119.742
 25205546.911
  25224981.82
  25244425.94
 25263877.175
 25283336.643
 25302800.955
 25322275.236
 25341751.478
 25361240.786
 25380735.065
 25400231.862
 25419740.037
 25439252.822
 25458771.516
  25478297.02
 25497826.351
 25517363.068
 25536904.493
 25556450.471
 25576001.128
 25595558.825
 25615118.862
 25634682.623
 25654255.407
 25673829.246
 25693412.536
 25712996.512
  25732579.26
 25752170.078
 25771767.144
 25791361.843
 25810963.238
  25830564.95
 25850174.312
 25869784.817
 25889398.449
 25909011.869
 25928628.883
 25948247.872
            0
            0
            0
            0
            0
            0
            0
            0
            0
            0
            0
            0
            0
            0
            0
            0
            0
            0
            0
            0
            0
            0
            0
            0
            0
            0
            0
            0
            0
            0
            0
            0
            0
            0
            0
            0
            0
            0
            0
            0
            0
            0
            0
            0
            0
            0
            0
            0
            0
            0
            0
            0
            0
            0
            0
            0
            0
            0
            0
            0
            0
            0
            0
            0
            0
            0
            0
            0
            0
            0
            0
            0
            0
            0
            0
            0
            0
            0
            0
            0
            0
            0
            0
            0
            0
            0
            0
            0
            0
            0
            0
            0
            0
            0
            0
            0
            0
            0
            0
            0
            0
            0
            0
            0
            0
            0
            0
            0
            0
            0
            0
            0
            0
            0
            0
            0
            0
            0
            0
            0
            0
            0
            0
            0
            0
            0
            0
            0
            0
            0
            0
            0
            0
            0
            0
            0
            0
            0
            0
            0
            0
            0
            0
            0
            0
            0
            0
            0
            0
            0
            0
            0
            0
            0
            0
            0
            0
            0
            0
            0
            0
            0
            0
            0
            0
            0
            0
            0
            0
            0
            0
            0
            0
            0
            0
            0
            0
            0
            0
            0
            0
            0
            0
            0
            0
            0
            0
            0
            0
            0
            0
            0
            0
            0
            0
            0
            0
            0
            0
            0
            0
            0
            0
            0
            0
            0
            0
            0
            0
            0
            0
            0
            0
            0
            0
            0
            0
            0
            0
            0
            0
            0
            0
            0
            0
            0
            0
            0
            0
            0
            0
            0
            0
            0
            0
            0
            0
            0
            0
            0
            0
            0
            0
            0
            0
            0
            0
            0
            0
            0
            0
            0
            0
            0
            0
            0
            0
            0
            0
            0
            0
            0
            0
            0
            0
            0
            0
            0
            0
            0
            0
            0
            0
            0
            0
            0
            0
            0
            0
            0
            0
            0
            0
            0
            0
            0
            0
            0
            0
            0
            0
            0
            0
            0
            0
            0
            0
            0
            0
            0
            0
            0
            0
            0
            0
            0
            0
            0
            0
            0
            0
            0
            0
            0
            0
            0
            0
            0
            0
            0
            0
            0
            0
            0
            0
            0
            0
            0
            0
            0
            0
            0
            0
            0
            0
            0
            0
            0
            0
            0
            0
            0
            0
            0
            0
            0
            0
            0
            0
            0
            0
            0
            0
            0
            0
            0
            0
            0
            0
            0
            0
            0
            0
            0
            0
            0
            0
            0
            0
            0
            0
            0
            0
            0
            0
            0
            0
            0
            0
            0
            0
            0
            0
            0
            0
            0
            0
            0
            0
            0
            0
            0
            0
            0
            0
            0
            0
            0
            0
            0
            0
            0
            0
            0
            0
            0
            0
            0
            0
            0
            0
            0
            0
            0
            0
            0
            0
            0
            0
            0
            0
            0
            0
            0
            0
            0
            0
            0
            0
            0
            0
            0
            0
            0
            0
            0
            0
            0
            0
            0
            0
            0
            0
            0
            0
            0
            0
            0
            0
            0
            0
            0
            0
            0
            0
            0
            0
            0
            0
            0
            0
            0
            0
            0
            0
            0
            0
            0
            0
            0
            0
            0
            0
            0
            0
            0
            0
            0
            0
            0
            0
            0
            0
            0
            0
            0
            0
            0
            0
            0
            0
            0
            0
            0
            0
            0
            0
            0
            0
            0
            0
            0
            0
            0
            0
            0
            0
            0
            0
            0
            0
            0
            0
            0
            0
            0
            0
            0
            0
            0
            0
            0
            0
            0
            0
            0
            0
            0
            0
            0
            0
            0
            0
            0
            0
            0
            0
            0
            0
            0
            0
            0
            0
            0
            0
            0
            0
            0
            0
            0
            0
            0
            0
            0
            0
            0
            0
            0
            0
            0
            0
            0
            0
            0
            0
            0
            0
            0
            0
            0
            0
            0
            0
            0
            0
            0
            0
            0
            0
            0
            0
            0
            0
            0
            0
            0
            0
            0
            0
            0
            0
            0
            0
            0
            0
            0
            0
            0
            0
            0
            0
            0
            0
            0
            0
            0
            0
            0
            0
            0
            0
            0
            0
            0
            0
            0
            0
            0
            0
            0
            0
            0
            0
            0
            0
            0
            0
            0
            0
            0
            0
            0
            0
            0
            0
            0
            0
            0
            0
            0
            0
            0
            0
            0
            0
            0
            0
            0
            0
            0
            0
            0
            0
            0
            0
            0
            0
            0
            0
            0
            0
            0
            0
            0
            0
            0
            0
            0
            0
            0
            0
            0
            0
            0
            0
            0
            0
            0
            0
            0
            0
            0
            0
            0
            0
            0
            0
            0
            0
            0
            0
            0
            0
            0
            0
            0
            0
            0
            0
            0
            0
            0
            0
            0
            0
            0
            0
            0
            0
            0
            0
            0
            0
            0
            0
            0
            0
            0
            0
            0
            0
            0
            0
            0
            0
            0
            0
            0
            0
            0
            0
            0
            0
            0
            0
            0
            0
            0
            0
            0
            0
            0
            0
            0
            0
            0
            0
            0
            0
            0
            0
            0
            0
            0
            0
            0
            0
            0
            0
            0
            0
            0
            0
            0
            0
            0
            0
            0
            0
            0
            0
            0
            0
            0
            0
            0
            0
            0
            0
            0
            0
            0
            0
            0
            0
            0
            0
            0
            0
            0
            0
            0
            0
            0
            0
            0
            0
            0
            0
            0
            0
            0
            0
            0
            0
            0
            0
            0
            0
            0
            0
            0
            0
            0
            0
            0
            0
            0
            0
            0
            0
            0
            0
            0
            0
            0
            0
            0
            0
            0
            0
            0
            0
            0
            0
            0
            0
            0
            0
            0
            0
            0
            0
            0
            0
            0
            0
            0
            0
            0
            0
            0
            0
            0
            0
            0
            0
            0
            0
            0
            0
            0
            0
            0
            0
            0
            0
            0
            0
            0
            0
            0
            0
            0
            0
            0
            0
            0
            0
            0
            0
            0
            0
            0
            0
            0
            0
            0
            0
            0
            0
            0
            0
            0
            0
            0
            0
            0
            0
            0
            0
            0
            0
            0
            0
            0
            0
            0
            0
            0
            0
            0
            0
            0
            0
            0
            0
            0
            0
            0
            0
            0
            0
            0
            0
            0
            0
            0
            0
            0
            0
            0
            0
            0
            0
            0
            0
            0
            0
            0
            0
            0
            0
            0
            0
            0
            0
            0
            0
            0
            0
            0
            0
            0
            0
            0
            0
            0
            0
            0
            0
            0
            0
            0
            0
            0
            0
            0
            0
            0
            0
            0
            0
            0
            0
            0
            0
            0
            0
            0
            0
            0
            0
            0
            0
            0
            0
            0
            0
            0
            0
            0
            0
            0
            0
            0
            0
            0
            0
            0
            0
            0
            0
            0
            0
            0
            0
            0
            0
            0
            0
            0
            0
            0
            0
            0
            0
            0
            0
            0
            0
            0
            0
            0
            0
            0
            0
            0
            0
            0
            0
            0
            0
            0
            0
            0
            0
            0
            0
            0
            0
            0
            0
            0
            0
            0
            0
            0
            0
            0
            0
            0
            0
            0
            0
            0
            0
            0
            0
 25575362.897
 25566857.759
 25558445.078
 25550131.325
  25541908.15
 25533780.354
 25525749.302
 25517813.969
  25509974.44
 25502230.972
 25494581.075
 25487033.293
 25479578.669
 25472220.393
 25464963.044
 25457801.895
 25450739.966
 25443773.085
  25436907.31
 25430140.325
 25423471.662
  25416901.75
  25410431.72
   25404062.1
 25397791.739
 25391621.233
 25385551.035
 25379582.387
 25373713.347
 25367945.636
 25362277.153
 25356712.956
 25351250.275
 25345886.979
 25340625.689
 25335469.226
 25330412.384
 25325458.589
 25320607.276
 25315860.155
  25311214.04
 25306671.301
 25302232.895
 25297896.193
 25293663.906
 25289534.986
 25285511.472
 25281589.271
 25277770.582
 25274058.188
 25270449.333
 25266943.284
  25263543.09
 25260247.796
 25257056.229
 25253969.798
  25250987.46
 25248111.265
 25245338.969
 25242672.618
 25240110.808
 25237654.056
 25235302.989
  25233055.69
 25230915.568
 25228880.647
 25226950.025
 25225125.001
 25223407.539
 25221792.996
  25220287.33
 25218883.106
 25217587.679
 25216395.643
  25215309.48
 25214329.868
 25213456.381
 25212688.204
 25212024.492
 25211467.908
 25211018.191
 25210668.062
 25210423.469
            0
            0
            0
            0
            0
            0
            0
            0
            0
            0
            0
            0
            0
            0
            0
            0
            0
            0
            0
            0
            0
            0
            0
            0
            0
            0
            0
            0
            0
            0
            0
            0
            0
            0
            0
            0
            0
            0
            0
            0
            0
            0
            0
            0
            0
            0
            0
            0
            0
            0
            0
            0
            0
            0
            0
            0
            0
            0
            0
            0
            0
            0
            0
            0
            0
            0
            0
            0
            0
            0
            0
            0
            0
            0
            0
            0
            0
            0
            0
            0
            0
            0
            0
            0
            0
            0
            0
            0
            0
            0
            0
            0
            0
            0
            0
            0
            0
            0
            0
            0
            0
            0
            0
            0
            0
            0
            0
            0
            0
            0
            0
            0
            0
            0
            0
            0
            0
            0
            0
            0
            0
            0
            0
            0
            0
            0
            0
            0
            0
            0
            0
            0
            0
            0
            0
            0
            0
            0
            0
            0
            0
            0
            0
            0
            0
            0
            0
            0
            0
            0
            0
            0
            0
            0
            0
            0
            0
            0
            0
            0
            0
            0
            0
            0
            0
            0
            0
            0
            0
            0
            0
            0
            0
            0
            0
            0
            0
            0
            0
            0
            0
            0
            0
            0
            0
            0
            0
            0
            0
            0
            0
            0
            0
            0
            0
            0
            0
            0
            0
            0
            0
            0
            0
            0
            0
            0
            0
            0
            0
            0
            0
            0
            0
            0
            0
            0
            0
            0
            0
            0
            0
            0
            0
            0
            0
            0
            0
            0
            0
            0
            0
            0
            0
            0
            0
            0
            0
            0
            0
            0
            0
            0
            0
            0
            0
            0
            0
            0
            0
            0
            0
            0
            0
            0
            0
            0
            0
            0
            0
            0
            0
            0
            0
            0
            0
            0
            0
            0
            0
            0
            0
            0
            0
            0
            0
            0
            0
            0
            0
            0
            0
            0
            0
            0
            0
            0
            0
            0
            0
            0
            0
            0
            0
            0
            0
            0
            0
            0
            0
            0
            0
            0
            0
            0
            0
            0
            0
            0
            0
            0
            0
            0
            0
            0
            0
            0
            0
            0
            0
            0
            0
            0
            0
            0
            0
            0
            0
            0
            0
            0
            0
            0
            0
            0
            0
            0
            0
            0
            0
            0
            0
            0
            0
            0
            0
            0
            0
            0
            0
            0
            0
            0
            0
            0
            0
            0
            0
            0
            0
            0
            0
            0
            0
            0
            0
            0
            0
            0
            0
            0
            0
            0
            0
            0
            0
            0
            0
            0
            0
            0
            0
            0
            0
            0
            0
            0
            0
            0
            0
            0
            0
            0
            0
            0
            0
            0
            0
            0
            0
            0
            0
            0
            0
            0
            0
            0
            0
            0
            0
            0
            0
            0
            0
            0
            0
            0
            0
            0
            0
            0
            0
            0
            0
            0
            0
            0
            0
            0
            0
            0
            0
            0
            0
            0
            0
            0
            0
            0
            0
            0
            0
            0
            0
            0
            0
            0
            0
            0
            0
            0
            0
            0
            0
            0
            0
            0
            0
            0
            0
            0
            0
            0
            0
            0
            0
            0
            0
            0
            0
            0
            0
            0
            0
            0
            0
            0
            0
            0
            0
            0
            0
            0
            0
            0
            0
            0
            0
            0
            0
            0
            0
            0
            0
            0
            0
            0
            0
            0
            0
            0
            0
            0
            0
            0
            0
            0
            0
            0
            0
            0
            0
            0
            0
            0
            0
            0
            0
            0
            0
            0
            0
            0
            0
            0
            0
            0
            0
            0
            0
            0
            0
            0
            0
            0
            0
            0
            0
            0
            0
            0
            0
            0
            0
            0
            0
            0
            0
            0
            0
            0
            0
            0
            0
            0
            0
            0
            0
            0
            0
            0
            0
            0
            0
            0
            0
            0
            0
            0
            0
            0
            0
            0
            0
            0
            0
            0
            0
            0
            0
            0
            0
            0
            0
            0
            0
            0
            0
            0
            0
            0
            0
            0
            0
            0
            0
            0
            0
            0
            0
            0
            0
            0
            0
            0
            0
            0
            0
            0
            0
            0
            0
            0
            0
            0
            0
            0
            0
            0
            0
            0
            0
            0
            0
            0
            0
            0
            0
            0
            0
            0
            0
            0
            0
            0
            0
            0
            0
            0
            0
            0
            0
            0
            0
            0
            0
            0
            0
            0
            0
            0
            0
            0
            0
            0
            0
            0
            0
            0
            0
            0
            0
            0
            0
            0
            0
            0
            0
            0
            0
            0
            0
            0
            0
            0
            0
            0
            0
            0
            0
            0
            0
            0
            0
            0
            0
            0
            0
            0
            0
            0
            0
            0
            0
            0
            0
            0
            0
            0
            0
            0
            0
            0
            0
            0
            0
            0
            0
            0
            0
            0
            0
            0
            0
            0
            0
            0
            0
            0
            0
            0
            0
            0
            0
            0
            0
            0
            0
            0
            0
            0
            0
            0
            0
            0
            0
            0
            0
            0
            0
            0
            0
            0
            0
            0
            0
            0
            0
            0
            0
            0
            0
            0
            0
            0
            0
            0
            0
            0
            0
            0
            0
            0
            0
            0
            0
            0
            0
            0
            0
            0
            0
            0
            0
            0
            0
            0
            0
            0
            0
            0
            0
            0
            0
            0
            0
            0
            0
            0
            0
            0
            0
            0
            0
            0
            0
            0
            0
            0
            0
            0
            0
            0
            0
            0
            0
            0
            0
            0
            0
            0
            0
            0
            0
            0
            0
            0
            0
            0
            0
            0
            0
            0
            0
            0
            0
            0
            0
            0
            0
            0
            0
            0
            0
            0
            0
            0
            0
            0
            0
            0
            0
            0
            0
            0
            0
            0
            0
            0
            0
            0
            0
            0
            0
            0
            0
            0
            0
            0
            0
            0
            0
            0
            0
            0
            0
            0
            0
            0
            0
            0
            0
            0
            0
            0
            0
            0
            0
            0
            0
            0
            0
            0
            0
            0
            0
            0
            0
            0
            0
            0
            0
            0
            0
            0
            0
            0
            0
            0
            0
            0
            0
            0
            0
            0
            0
            0
            0
            0
            0
            0
            0
            0
            0
            0
            0
            0
            0
            0
            0
            0
            0
            0
            0
            0
            0
            0
            0
            0
            0
            0
            0
            0
            0
            0
            0
            0
            0
            0
            0
  25517488.71
 25494682.661
 25471873.258
 25449062.546
 25426251.112
 25403440.906
 25380625.722
 25357815.098
 25335000.649
 25312191.286
 25289379.575
 25266570.956
 25243764.815
 25220959.948
 25198159.728
 25175359.673
  25152566.67
 25129777.466
 25106991.855
 25084210.528
 25061439.779
 25038671.174
 25015907.693
 24993150.785
 24970402.149
 24947662.687
 24924928.464
 24902204.142
 24879488.503
 24856783.675
  24834086.81
 24811401.118
   24788726.5
 24766061.245
 24743409.703
 24720767.481
 24698138.257
 24675522.166
 24652917.985
 24630331.366
 24607754.443
 24585195.226
 24562650.008
   24540120.2
  24517605.94
 24495106.859
 24472627.807
 24450162.931
 24427716.189
 24405286.579
 24382877.047
 24360483.825
 24338112.675
 24315759.522
 24293426.704
 24271114.619
 24248823.418
 24226554.997
 24204306.868
 24182082.648
 24159879.263
 24137700.611
 24115544.113
 24093412.706
 24071308.002
 24049224.812
 24027167.425
 24005137.762
 23983131.471
 23961153.882
 23939202.353
 23917279.594
 23895385.168
 23873518.581
 23851681.187
 23829871.309
 23808092.405
 23786343.657
 23764625.601
 23742938.707
 23721282.104
 23699659.048
 23678065.551
 23656508.181
 23634982.091
 23613490.402
 23592033.654
  23570610.15
 23549221.042
 23527868.207
 23506550.973
 23485269.821
 23464025.591
 23442819.233
 23421648.453
 23400516.173
 23379423.277
 23358369.163
 23337352.895
 23316377.314
 23295441.362
 23274546.482
 23253692.239
 23232880.554
 23212108.092
 23191378.929
  23170693.52
 23150049.158
 23129450.174
 23108895.478
 23088383.325
 23067917.161
 23047495.122
 23027119.743
 23006789.603
 22986505.244
 22966269.154
 22946079.932
