1684.629627
4492.790248
7222.541959
9826.183148
12258.209070
14476.144009
16441.315700
18119.555586
19481.810454
20504.653368
21170.684491
21468.815278
21394.432380
20949.440522
20142.186256
18987.266987
17505.231804
15722.182491
13669.284549
11382.199189
8900.448044
6266.722827
3526.152357
725.539379
-2087.420640
-4864.926889
-7559.855378
-10126.525042
-12521.437475
-14703.980556
-16637.086786
-18287.837693
-19628.006151
-20634.529001
-21289.902838
-21582.496403
-21506.773632
-21063.422149
-20259.382893
-19107.777635
-17627.732458
-15844.096827
-13787.059642
-11491.665732
-8997.238409
-6346.716055
-3585.913061
-762.717731
2073.758143
4874.061538
7589.294426
10172.005237
12577.056574
14762.450518
16690.093813
18326.486766
19643.321707
20617.979271
21233.913505
21480.919657
21355.281415
20859.797212
20003.687880
18802.390345
17277.244170
15455.079549
13367.716755
11051.388123
8546.094414
5894.907824
3143.234084
338.046044
-2472.899089
-5241.847092
-7921.827313
-10467.415728
-12835.470253
-14985.828639
-16881.959861
-18491.560409
-19787.087429
-20746.221139
-21352.249495
-21594.368600
-21467.893018
-20974.370902
-20121.599748
-18923.539710
-17400.122734
-15576.957387
-13484.931008
-11159.712948
-8641.164815
-5972.666028
-3200.365305
-372.371009
