PG04 16571.755106 7091.147720 19268.134634 
PG04 17081.817393 9222.831883 17918.904800 
PG04 17633.922784 11162.951350 16256.328779 
PG04 18194.986791 12883.319207 14310.615388 
PG04 18728.745598 14363.489413 12116.696076 
PG04 19197.262350 15591.290270 9713.525830 
PG04 19562.489921 16563.032391 7143.333216 
PG04 19787.827341 17283.391677 4450.837454 
PG04 19839.609715 17764.980464 1682.449322 
PG04 19688.476298 18027.631365 -1114.528992 
PG04 19310.568086 18097.427949 -3892.691773 
PG04 18688.514262 18005.524210 -6605.294077 
PG04 17812.175758 17786.800613 -9206.983073 
PG04 16679.123638 17478.408399 -11654.488894 
PG04 15294.839581 17118.255856 -13907.269035 
PG04 13672.635233 16743.490595 -15928.101701 
PG04 11833.296299 16389.030589 -17683.624513 
PG04 9804.465824 16086.194088 -19144.815686 
PG04 7619.789018 15861.474593 -20287.415200 
PG04 5317.849081 15735.502111 -21092.283628 
PG04 2940.929778 15722.225887 -21545.696151 
PG04 533.645809 15828.347041 -21639.569051 
PG04 -1858.513700 16053.021910 -21371.615610 
PG04 -4190.679969 16387.848693 -20745.427912 
PG04 -6420.087090 16817.141190 -19770.480773 
PG04 -8507.491018 17318.484219 -18462.053820 
PG04 -10418.474521 17863.555810 -16841.067842 
PG04 -12124.589866 18419.191742 -14933.831936 
PG04 -13604.294992 18948.658616 -12771.698804 
PG04 -14843.644588 19413.092950 -10390.626837 
PG04 -15836.704979 19773.055713 -7830.649421 
PG04 -16585.670850 19990.145213 -5135.254187 
PG04 -17100.672515 20028.606455 -2350.677650 
PG04 -17399.274335 19856.872469 474.876242 
PG04 -17505.677644 19448.973125 3292.081839 
PG04 -17449.654488 18785.749918 6051.386689 
PG04 -17265.251151 17855.821177 8703.937393 
PG04 -16989.311878 16656.251197 11202.515570 
PG04 -16659.882905 15192.888592 13502.461087 
PG04 -16314.563948 13480.353286 15562.558635 
PG04 -15988.878280 11541.667274 17345.863686 
PG04 -15714.732926 9407.540772 18820.444881 
PG04 -15519.037235 7115.341672 19960.022117 
PG04 -15422.541149 4707.791260 20744.482740 
PG04 -15438.944341 2231.442170 21160.262293 
PG04 -15574.314539 -264.995452 21200.580865 
PG04 -15826.838629 -2732.407052 20865.531051 
PG04 -16186.914426 -5123.030739 20162.018445 
PG04 -16637.575203 -7392.144213 19103.560317 
PG04 -17155.224207 -9499.612170 17709.952258 
PG04 -17710.643106 -11411.232794 16006.816049 
PG04 -18270.227303 -13099.832511 14025.044653 
PG04 -18797.392827 -14546.070590 11800.161897 
PG04 -19254.094105 -15738.928633 9371.615318 
PG04 -19602.389583 -16675.873827 6782.020644 
PG04 -19805.992573 -17362.698277 4076.375682 
PG04 -19831.747688 -17813.049224 1301.260200 
PG04 -19650.978367 -18047.676063 -1495.963293 
PG04 -19240.657836 -18093.429528 -4267.934851 
PG04 -18584.364059 -17982.055868 -6968.057385 
PG04 -17672.988175 -17748.834492 -9551.222874 
PG04 -16505.175445 -17431.111111 -11974.497156 
PG04 -15087.487317 -17066.780268 -14197.757567 
PG04 -13434.282635 -16692.771177 -16184.278965 
PG04 -11567.325063 -16343.589369 -17901.264683 
PG04 -9515.132340 -16049.963777 -19320.319601 
PG04 -7312.090690 -15837.644834 -20417.862897 
PG04 -4997.364793 -15726.394020 -21175.478131 
PG04 -2613.639813 -15729.199194 -21580.198196 
PG04 -205.737191 -15851.743119 -21624.722368 
PG04 2180.849976 -16092.144910 -21307.562320 
PG04 4501.453025 -16440.985824 -20633.113570 
PG04 6713.704589 -16881.621955 -19611.648532 
PG04 8778.944982 -17390.777134 -18259.227181 
PG04 10663.507800 -17939.399841 -16597.521495 
PG04 12339.836960 -18493.758396 -14653.550262 
PG04 13787.391604 -19016.739418 -12459.321765 
PG04 14993.301183 -19469.305819 -10051.383185 
PG04 15952.740785 -19812.062833 -7470.277448 
PG04 16669.006085 -20006.874210 -4759.910564 
PG04 17153.278200 -20018.466189 -1966.835320 
PG04 17424.080721 -19815.954572 860.539708 
PG04 17506.444080 -19374.230666 3672.803579 
PG04 17430.805291 -18675.145187 6420.443273 
PG04 17231.683702 -17708.435634 9054.772241 
PG04 16946.184615 -16472.352093 11528.866064 
PG04 16612.392000 -14973.948555 13798.482153 
PG04 16267.718218 -13229.021243 15822.939515 
PG04 15947.282135 -11261.691284 17565.934676 
PG04 15682.386960 -9103.645620 18996.271055 
PG04 15499.165301 -6793.066217 20088.481416 
PG04 15417.451591 -4373.292445 20823.326327 
PG04 15449.931432 -1891.274172 21188.155648 
PG04 15601.604255 604.117353 21177.124774 
PG04 15869.580806 3063.847681 20791.262320 
PG04 16243.221137 5440.471047 20038.390829 
